Using seed: 1674512131
                                                                                
 642086428426667732109888099990439890654321099999935262452324665556789024675122 
 642086428426765432109878777732987842343210987777968712902135333456789024567433 
 642086615466765432109876555321082107562109876555848003869242223456789023456000 
 642080466658765432101876543210987654321098765432109876543211123456789012394222 
 64204778649876543210987654321098765432109876543210987654321@123456789012345676 
 642808063098765432109876543210987654321098765432109876543211123456789012345672 
 642392621098241446109876543210987654323109876666060348843222223516989012345679 
 997053401098344556669237654210987654333610988889721932453335564061999012345679 
 632046228008569755561101764210987654444681000097088082754444563531000012345679 
 987403401207819777730073364210987655555783335841187319755555567532111112345679 
 738739234290319999990747864210987666666055535845805319766666668943295972977789 
 858204964125311111113283864210987777777999530645805319877777778553643494999990 
 228028433475333333335537864210988888888888590855805310988888883981989491111111 
 009586916975555555557762864210999999999777707545094041099999995422349433333333 
 288794051977777777779985864320250351119767046007188217100000009763949555555555 
 006647331999999999991107865419420533319765432109876543311111119879947777777777 
 088435331111111111113329876266203755319765432109876543222223579802499999999999 
 086738333333333333335541983360253775319765432109876543333333579802461111111111 
 086738355555555555557763340260799975319888432109877744444444579102468333333333 
                                                                                
